k ccdf
1 215078
2 143757
3 106186
4 85748
5 73068
6 64209
7 57593
8 52384
9 48280
10 44813
11 41870
13 37160
14 35319
16 32131
18 29615
20 27519
22 25704
25 23395
28 21537
32 19533
35 18286
40 16535
45 15114
50 13949
56 12800
63 11714
71 10634
79 9750
89 8877
100 8090
112 7414
126 6765
141 6183
158 5675
178 5176
200 4745
224 4342
251 3980
282 3640
316 3339
355 3077
398 2786
447 2511
501 2296
562 2097
631 1900
708 1754
794 1600
891 1478
1000 1372
1122 1271
1259 1151
1413 1047
1585 948
1778 865
1995 776
2239 691
2512 619
2818 537
3162 486
3548 446
3981 394
4467 352
5012 319
5623 290
6310 259
7079 240
7943 218
8913 197
10000 165
11220 154
12589 145
14125 133
15849 116
17783 100
19953 82
22387 71
25119 60
28184 55
31623 43
35481 36
39811 27
44668 22
50119 16
56234 14
63096 12
70795 9
79433 5
89125 2
100000 2
