h mean max n
1 0.081 1.653 795
2 0.686 1.903 2638
3 1.243 2.228 2462
4 1.761 2.642 2676
5 2.146 3.247 4193
6 2.498 3.384 3118
7 2.829 3.917 3978
8 3.071 4.191 3769
9 3.270 4.497 3120
10 3.423 4.557 3195
11 3.631 4.878 2578
12 3.787 5.209 3279
13 4.030 5.327 3711
14 4.277 5.449 3689
15 4.361 5.900 4399
16 4.603 6.108 3973
17 4.824 7.086 4027
18 5.039 6.916 4404
19 5.271 7.941 4084
20 5.478 7.941 3647
21 5.632 7.807 3344
22 5.799 8.358 3390
23 6.043 8.016 3152
24 6.281 9.071 3149
25 6.516 8.493 3662
26 6.673 9.181 3807
27 6.890 9.483 3663
28 7.178 9.466 3449
29 7.335 9.644 3225
30 7.625 9.930 2903
31 7.862 11.763 2664
32 8.053 10.932 2402
33 8.323 10.859 2526
34 8.642 12.365 2390
35 8.822 11.749 2563
36 9.064 12.108 2364
37 9.292 13.012 2194
38 9.607 13.458 1995
39 9.767 12.954 1915
40 9.851 13.719 1828
41 10.163 13.759 1651
42 10.374 13.759 1591
43 10.633 14.061 1327
44 10.782 14.247 1220
45 11.031 14.663 1010
46 10.656 14.714 1289
47 10.945 15.015 1249
48 11.065 15.325 1035
49 11.136 15.325 917
50 11.179 15.380 884
51 10.974 15.839 897
52 10.890 15.888 1081
53 10.953 16.078 959
54 11.081 16.705 949
55 10.825 16.707 1037
56 10.741 16.846 1183
57 10.842 17.451 1503
58 10.862 17.328 1804
59 11.039 17.387 1658
60 11.181 17.450 1563
61 11.396 18.940 2271
62 11.618 17.838 2138
63 11.912 17.993 2391
64 12.146 18.193 2281
65 12.421 18.539 2280
66 12.562 18.620 2089
67 12.709 18.857 2278
68 12.894 19.158 2294
69 13.003 19.410 2222
70 13.184 19.631 2306
71 13.332 19.831 2258
72 13.603 19.853 2443
73 13.650 19.701 2349
74 13.821 19.998 2368
75 14.044 20.144 2276
76 14.171 20.337 2192
77 14.346 20.524 2401
78 14.346 20.995 2561
79 14.545 21.120 2563
80 14.706 21.306 2616
81 14.879 22.258 2528
82 15.099 22.289 2400
83 15.277 22.321 2231
84 15.529 22.405 2074
85 15.745 22.305 2044
86 15.898 22.504 2105
87 16.098 22.856 2073
88 16.266 23.152 1868
89 16.499 23.498 1643
90 16.667 23.564 1509
91 17.005 22.613 1718
92 17.120 23.851 1740
93 17.339 23.860 1601
94 17.438 24.338 1587
95 17.517 24.460 1513
96 17.736 24.257 1541
97 17.992 23.861 1477
98 18.220 24.085 1363
99 18.558 24.494 1275
100 18.930 24.700 1204
101 19.168 24.994 1246
102 19.630 25.536 1215
103 19.965 26.231 1297
104 20.404 26.231 1206
105 20.713 26.708 1124
106 21.134 26.931 1220
107 21.432 27.310 1324
108 21.727 27.510 1085
109 22.127 27.663 985
110 22.161 28.112 942
111 22.645 28.227 1045
112 22.997 28.155 876
113 23.357 28.388 870
114 23.727 28.830 884
115 23.703 28.875 1037
116 23.963 29.352 878
117 24.093 29.928 860
118 24.521 30.154 914
119 24.633 30.565 826
120 24.742 30.407 825
121 24.975 30.461 821
122 25.357 30.805 767
123 25.218 30.974 788
124 25.260 31.241 705
125 25.241 31.634 558
126 25.321 30.781 453
127 25.851 30.781 450
128 26.111 30.835 424
129 26.591 30.956 443
130 26.023 31.360 463
131 27.139 31.582 450
132 27.702 32.059 410
133 27.819 32.522 401
134 28.059 31.944 400
135 27.572 32.950 406
136 28.097 32.154 374
137 28.278 32.186 308
138 28.326 32.487 345
139 27.323 32.682 464
140 28.616 32.793 377
141 29.184 32.824 369
142 29.237 34.047 380
143 29.593 32.850 347
144 29.782 32.858 355
145 30.048 34.825 370
146 30.243 34.892 308
147 30.470 34.950 256
148 30.601 33.525 313
149 30.886 33.909 434
150 31.319 36.205 467
151 31.669 35.803 427
152 31.748 37.178 425
153 32.138 37.224 504
154 32.438 37.483 549
155 32.686 37.880 500
156 32.951 38.542 580
157 33.139 38.611 511
158 33.275 38.879 613
159 33.401 39.806 602
160 33.674 39.827 570
161 33.910 40.311 571
162 34.086 40.523 481
163 34.286 40.817 501
164 34.403 41.367 631
165 34.435 41.177 559
166 34.637 41.311 571
167 34.646 38.673 598
168 34.854 41.781 730
169 35.027 41.838 699
170 35.151 41.842 737
171 35.175 43.970 839
172 35.210 40.737 955
173 35.401 44.748 1064
174 35.591 44.748 949
175 35.771 44.815 879
176 36.157 45.919 881
177 36.524 45.952 844
178 36.570 46.253 782
179 36.739 46.647 707
180 36.885 47.124 653
181 37.354 47.249 691
182 37.686 47.290 581
183 38.109 48.574 463
184 38.405 47.563 456
185 38.788 48.891 429
186 39.107 49.067 350
187 39.292 50.554 376
188 39.366 50.554 321
189 39.166 50.855 373
190 39.404 51.332 326
191 39.520 51.399 336
192 39.969 51.969 361
193 39.063 52.332 359
194 39.369 52.571 428
195 39.365 49.388 467
196 39.747 49.810 461
197 39.846 50.120 521
198 39.786 50.420 553
199 40.092 50.312 573
200 40.166 50.542 553
201 40.084 50.662 633
202 40.231 50.662 673
203 40.198 50.839 615
204 40.468 51.058 657
205 40.558 51.066 700
206 40.629 53.008 602
207 40.863 53.008 572
208 41.069 53.008 559
209 40.891 53.009 556
210 41.154 53.310 526
211 41.202 52.322 487
212 41.491 52.623 423
213 41.509 52.934 365
214 41.563 52.404 314
215 41.873 53.269 264
216 41.994 52.889 273
217 41.994 50.105 243
218 42.339 53.661 214
219 42.732 53.663 169
220 43.395 53.665 184
221 43.628 50.457 160
222 43.447 50.457 216
223 43.729 50.585 203
224 43.839 50.585 255
225 44.265 51.011 248
226 44.403 51.393 225
227 44.829 51.484 240
228 44.584 51.610 255
229 44.849 51.610 213
230 45.141 51.662 172
231 45.317 51.850 197
232 45.029 49.340 216
233 45.076 50.613 182
234 45.789 50.613 151
235 45.880 50.613 122
236 45.260 50.613 100
237 46.819 50.914 95
238 47.486 51.216 53
239 47.672 51.216 47
240 48.125 51.568 74
241 48.504 51.568 41
242 48.093 51.904 45
243 48.038 52.064 64
244 47.758 52.364 101
245 47.787 52.666 103
246 47.764 51.402 139
247 47.965 52.668 155
248 48.215 52.669 127
249 48.344 53.378 71
250 48.531 52.548 57
251 48.311 53.684 82
252 48.400 52.982 107
253 48.694 49.988 113
254 48.982 49.989 170
255 49.160 50.477 181
256 49.339 50.328 230
257 49.478 50.632 224
258 49.643 50.888 237
259 49.695 50.942 204
260 49.939 51.125 160
261 50.103 51.298 154
262 50.223 51.047 143
263 50.340 51.244 117
264 50.343 51.266 112
265 50.395 51.470 95
266 50.614 51.799 106
267 50.741 52.335 126
268 50.876 52.179 113
269 51.021 51.823 136
270 51.042 52.109 128
271 51.110 52.285 122
272 51.389 52.537 119
273 51.476 52.741 104
274 51.639 52.942 111
275 51.771 53.020 81
276 51.892 53.086 66
277 52.004 52.654 50
278 52.135 52.889 63
279 52.107 53.138 90
280 52.049 53.247 92
281 52.244 53.704 96
282 52.357 53.921 92
283 52.572 54.005 89
284 52.690 54.266 111
285 52.592 54.649 184
286 52.864 54.723 131
287 53.132 55.200 146
288 52.791 55.265 99
289 52.868 55.390 78
290 52.909 55.944 76
291 52.749 55.750 64
292 52.765 54.597 65
293 52.775 54.992 64
294 52.666 56.271 70
295 53.121 56.271 79
296 53.603 57.051 96
297 53.243 57.489 105
298 53.635 57.687 111
299 54.083 58.191 151
300 54.194 58.302 125
301 54.722 58.658 123
302 54.626 58.867 128
303 55.246 58.928 94
304 54.866 59.002 94
305 54.753 59.017 84
306 55.235 59.238 74
307 55.318 59.248 72
308 55.517 59.275 58
309 55.300 59.575 58
310 55.210 59.704 52
311 55.771 59.791 55
312 55.230 59.870 45
313 55.823 60.136 48
314 56.237 60.119 38
315 55.833 60.119 35
316 55.880 59.715 37
317 55.754 59.715 25
318 55.864 59.716 28
319 56.222 59.717 25
320 56.548 59.787 32
321 56.779 60.261 30
322 57.088 60.567 33
323 56.942 60.700 32
324 56.998 60.702 24
325 57.078 60.330 32
326 57.289 60.631 30
327 57.047 60.631 31
328 57.050 60.330 29
329 57.515 60.631 18
330 58.267 60.932 11
331 58.117 61.108 21
332 58.107 61.108 26
333 58.551 61.710 25
334 60.065 62.187 15
335 60.134 61.372 26
336 60.236 61.807 15
337 60.320 61.983 14
338 60.489 62.430 17
339 61.481 62.710 18
340 61.729 62.732 13
341 60.145 62.175 5
342 60.086 62.205 7
343 61.470 62.205 3
344 60.374 60.591 2
345 60.675 60.675 1
347 60.846 60.846 1
348 61.847 62.848 2
349 61.514 62.849 3
350 63.325 63.325 1
351 63.325 63.325 1
352 63.802 63.802 1
353 64.191 64.191 1
354 64.147 64.191 2
355 64.291 64.492 3
356 64.790 65.066 4
357 64.697 64.901 2
359 64.969 64.969 1
360 65.031 65.094 2
361 65.571 65.571 1
